i: 6.55296
r: 4.62298
a: 4.44345
t: 4.39856
s: 4.3088
c: 4.12926
n: 3.72531
e: 3.72531
h: 3.14183
o: 2.693
f: 2.33393
u: 2.24417
l: 2.01975
m: 1.52603
d: 1.3465
S: 1.16697
N: 1.12208
E: 0.942549
F: 0.763016
1: 0.763016
C: 0.718133
g: 0.628366
p: 0.628366
A: 0.628366
y: 0.583483
U: 0.583483
2: 0.583483
0: 0.583483
T: 0.493716
I: 0.448833
D: 0.448833
j: 0.40395
k: 0.359066
X: 0.2693
8: 0.2693
P: 0.2693
L: 0.224417
w: 0.179533
3: 0.179533
x: 0.13465
7: 0.0897666
b: 0.0897666
V: 0.0897666
z: 0.0897666
W: 0.0897666
H: 0.0897666
v: 0.0897666
Q: 0
R: 0
q: 0
6: 0
G: 0
B: 0
J: 0
K: 0
Y: 0
Z: 0
4: 0
M: 0
9: 0
O: 0
5: 0
: 0
